https://www.ffoms.gov.ru/
https://www.avtovokzaly.ru/raspisanie/sevastopol
http://taganrog-gbsmp.ru/
https://194.87.217.26/raspisanie/sevastopol + Host: avtovokzaly.ru
http://ffoms.ru/
https://apteka.ru/search/?q=%D0%B8%D1%82%D0%B0
http://rutracker.org/forum/viewforum.php?f=930&start=2000
https://www.lostfilm.tv/search/?q=%D0%BC
https://www.lostfilm.tv/series/?type=search&g=21,2,5,18,-1,0,129912&y=1970,1990,1991,1992,1993,1994,1995,1999,1970,1990,1991,1992,1993,1994,1995,1999,1970,1990,1991,1992,1993,1994,1995,1999,1970,1990,1991,1992,1993,1994,1995,1999,1970,1990,1991,1992,1993,1994,1995,1999,1970,1990,1991,1992,1993,1994,1995,1999,1970,1990,1991,1992,1993,1994,1995,1999,1970,1990,1991,1992,1993,1994,1995,1999,1970,1990,1991,1992,1993,1994,1995,1999,1970,1990,1991,1992,1993,1994,1995,1999,2000,2011,1970,1990,1991,1992,1993,1994,1995,1999,1970,1990,1991,1992,1993,1994,1995,1999,1970,1990,1991,1992,1993,1994,1995,1999,1970,1990,1991,1992,1993,1994,1995,1999,1970,1990,1991,1992,1993,1994,1995,1999,1970,1990,1991,1992,1993,1994,1995,1999,1970,1990,1991,1992,1993,1994,1995,1999,1970,1990,1991,1992,1993,1994,1995,1999,1970,1990,1991,1992,1993,1994,1995,1999,1970,1990,1991,1992,1993,1994,1995,1999,2000,2011,1970,1990,1991,1992,1993,1994,1995,1999,1970,1990,1991,1992,1993,1994,1995,1999,1970,1990,1991,1992,1993,1994,1995,1999,1970,1990,1991,1992,1993,1994,1995,1999,1970,1990,1991,1992,1993,1994,1995,1999,1970,1990,1991,1992,1993,1994,1995,1999,1970,1990,1991,1992,1993,1994,1995,1999,1970,1990,1991,1992,1993,1994,1995,1999,1970,1990,1991,1992,1993,1994,1995,1999,1970,1990,1991,1992,1993,1994,1995,1999,2000,2011,1970,1990,1991,1992,1993,1994,1995,1999,1970,1990,1991,1992,1993,1994,1995,1999,1970,1990,1991,1992,1993,1994,1995,1999,1970,1990,1991,1992,1993,1994,1995,1999,1970,1990,1991,1992,1993,1994,1995,1999,1970,1990,1991,1992,1993,1994,1995,1999,1970,1990,1991,1992,1993,1994,1995,1999,1970,1990,1991,1992,1993,1994,1995,1999,1970,1990,1991,1992,1993,1994,1995,1999,1970,1990,1991,1992,1993,1994,1995,1999,2000,2011,1970,1990,1991,1992,1993,1994,1995,1999,1970,1990,1991,1992,1993,1994,1995,1999,1970,1990,1991,1992,1993,1994,1995,1999,1970,1990,1991,1992,1993,1994,1995,1999,1970,1990,1991,1992,1993,1994,1995,1999,1970,1990,1991,1992,1993,1994,1995,1999,1970,1990,1991,1992,1993,1994,1995,1999,1970,1990,1991,1992,1993,1994,1995,1999,1970,1990,1991,1992,1993,1994,1995,1999,1970,1990,1991,1992,1993,1994,1995,1999,2000,2011,2019&r=28,32,13,1,56,57,8,16,52,18,45,31,47&s=1&t=0
https://www.lostfilm.tv/new/page_1164
http://rutor.info/latest_comments
http://rutor.info/browse/4992/0/0/0